94,52
94,51
94,50
94,49
94,48
94,47
94,46
94,45
94,44
94,43
94,42
94,41
94,40
94,39
94,38
94,37
94,36
94,35
46,2
46,1
46,3
47,2
47,1
47,3
45,2
45,1
45,3
86,2
86,1
86,3
87,2
87,1
87,3
89,2
89,3
88,2
88,1
88,3
20,2
20,1
20,3
19,2
19,1
19,3
48,2
93,12
93,11
93,10
93,9
93,8
93,7
93,6
93,5
93,4
93,3
93,2
93,1
93,0
92,123
92,122
92,121
92,120
92,119
92,118
92,117
92,116
92,115
92,114
92,113
92,112
92,111
92,110
92,109
92,108
92,107
92,106
92,105
92,104
92,103
92,102
92,101
92,100
92,99
92,98
92,97
92,96
92,95
92,94
92,93
92,92
92,91
92,90
92,89
92,88
92,87
92,86
92,85
92,84
92,83
92,82
92,81
92,80
92,79
92,78
92,77
92,76
92,75
92,74
92,73
92,72
92,71
92,70
92,69
92,68
92,67
92,66
92,65
92,64
