68,2
68,0
0,196
0,522
0,193
0,516
0,62
0,514
0,61
70,12
70,11
70,10
70,9
70,8
70,7
70,6
70,5
70,4
70,3
70,2
70,1
70,0
0,59
0,278
0,512
0,56
0,306
0,53
0,51
69,123
69,122
69,121
69,120
69,119
69,118
69,117
69,116
69,115
69,114
69,113
69,112
69,111
69,110
69,109
69,108
69,107
69,106
69,105
69,104
69,103
69,102
69,101
0,50
69,100
69,99
69,98
69,97
69,96
69,95
69,94
69,93
69,92
69,91
69,90
69,89
69,88
69,87
69,86
69,85
69,84
69,83
69,82
69,81
69,80
69,79
69,78
0,49
69,77
69,76
69,75
69,74
69,73
69,72
69,71
69,70
69,69
69,68
69,67
69,66
69,65
69,64
69,35
69,34
69,33
69,32
69,31
69,30
69,29
69,28
69,27
0,571
69,26
69,25
0,570
69,24
69,23
0,569
69,22
0,568
0,0
69,21
69,20
0,567
69,19
69,18
0,566
69,17
0,565
69,16
69,15
0,564
69,14
69,13
0,563
69,12
0,562
69,11
69,10
0,561
69,9
69,8
0,560
69,7
0,559
69,6
69,5
69,4
0,272
0,271
69,3
69,2
0,12
0,275
0,276
0,10
0,9
0,8
69,1
69,0
66,123
66,122
66,121
66,120
66,119
66,118
0,344
0,343
0,342
0,341
0,340
0,339
